nevt= 1

# event structure:
#
# @event tag
# hash1 hash2 probability
# begin initial
# nat
# typ xcoord ycoor zcoord
# .
# . 
# .
#
# begin final
# typ xcoord ycoor zcoord
# .
# . 
# .


 @1
7 1 9.0
 begin initial
          10
           2 -0.88408631      0.55907607     -0.70355582    
           1  -1.8442620      0.21647477      -1.1021986    
           1 -0.26086500      0.87303114      -1.5468254    
           1   1.7352440      0.12692845     -7.04148412E-02
           3   1.1072674     -0.16781548      0.67630661    
           1 -2.98842490E-02  -1.4158593     -0.52832496    
           2 -0.18855931     -0.53465158      0.10155117    
           1 -0.83323658     -0.85634410      0.92578053    
           1  0.98995274      0.64600563       1.2785976    
           1  -1.0719450       1.4379284     -7.87327290E-02

 begin final
6
3 0.0 0.0 0.2
2 0.0 -1.0 0.0
1 0.8 0.0 0.0
1 -0.9 0.0 0.0
1 0.0 0.5 0.0
1 0.0 0.0 -1.2

 @2
7 1 0.1
 begin initial
4
2 -1.0 0.0 0.0
1 1.0 0.0 0.0
1 0.0 -1.0 0.0
2 0.0 1.0 0.5

 begin final
4
2 0.0 0.0 0.0
1 -1.0 0.0 0.0
1 -1.0 -1.1 0.0
2 0.0 1.0 0.0


 @ 3
7 1 0.4
 begin initial
3
7 1.0 0.0 0.0
1 0.0 0.0 0.0
1 0.4 0.1 0.0

 begin final
3
7 0.0 0.0 0.0
1 1.0 0.0 0.0
1 0.4 0.1 0.0

@4
3 9 0.2
begin initial
2
3 0.3 0.2 0.1
9 0.1 0.1 0.2

begin final 
2
9 0.3 0.2 0.1
3 0.1 0.1 0.2

@5
1 4 0.01
begin initial
2
1 0.0 0.0 1.0
4 5.0 1.2 0.2

begin final
2
1 2.0 4.0 2.0
4 0.0 0.0 0.1
